rainfall1 <- c (799, 1174.8, 865.1, 1334.6, 635.4, 918.5, 685.5, 998.6, 784.2, 985, 882.8, 1071,
               650, 1206.9, 923.4, 1122.2, 662.2, 824, 822.4, 1265.5, 899.6, 1105.6, 1106.7, 1337.8,
               705, 1174, 865, 1324.6, 635, 918, 685, 998, 784, 985, 882, 1070,
               755, 1170.9, 863.4, 1172, 565.2, 825, 823.4, 1263.5, 795.6, 1100.6, 1101.7, 1330.8,
               720, 1180.8, 860.1, 1300.6, 630.4, 920.5, 690.5, 990.6, 780.2, 980, 880.8, 1075)
rainfall2 <- c (655, 1306.9,1323.4, 1172.2, 562.2, 824, 822.4, 1265.5, 799.6, 1105.6, 1106.7, 1337.8,
               660, 1310.9, 1320.4, 1175.2, 560.2, 820, 820.4, 1260.5, 800.6, 1110.6, 1110.7, 1332.8,
               670, 1300, 1330, 1150, 550, 830, 830, 1250, 790, 1100, 1110, 1330,
               675, 1305.9, 1325.4, 1170.2, 565.2, 825, 825.4, 1265.5, 795.6, 1105.6, 1105.7, 1335.8,
               680, 1310.8, 1335.1, 1175.6, 565.4, 825.5, 825.5, 1260.6, 800.2, 1110, 1115.8, 1340)
combined.rainfall <- matrix(c(rainfall1, rainfall2), nrow = 12, byrow = FALSE)
rainfall.timeseries <- ts(combined.rainfall, start = c(2012, 1), frequency = 12)
print(rainfall.timeseries)
png(file = "rainfallcombined5years.png", width = 800, height = 600)
plot(rainfall.timeseries, main = "Multiple Time Series of Rainfall 5 Years", xlab = "Month", ylab = "Rainfall")
dev.off()
